8/41111
10104
10205
10306
10708
20407
20501
20602
20803
30304
30705
30106
30208
40402
40503
40607
40801
6/21111
10103
10402
10506
20304
20205
20601
30206
30401
30503
40302
40604
40105
6/33000
10104
10205
10306
20601
20402
20503
30105
30206
30304
40401
40502
40603
50106
50204
50305
60501
60602
60403
4/11110
10102
10304
20301
20204
30104
30302
40401
40203
50103
50402
60201
60402
4/22000
10102
10204
20104
20203
30301
30102
40401
40302
16/44440
10014
10401
10805
11209
10313
10702
11106
11510
21000
21404
20108
20512
20903
21307
20211
20615
30006
30410
30814
31201
30503
30907
31311
30215
41500
40601
41302
40304
41005
40708
41409
41211
50011
50110
50415
50514
50803
50902
51207
51306
60700
61401
61104
60205
61508
60609
60312
61013
16/55330
10006
10712
10214
11303
10810
10915
11101
10504
21400
21507
21202
20613
20108
20309
20411
21005
30010
30714
30215
31301
30812
30904
31106
30503
41200
41007
40602
40413
40308
41409
41511
40105
50008
50701
50211
50306
51305
51504
51214
51009
60500
61107
60802
61403
60913
60615
60112
60410
16/64420
10015
10112
10209
10603
10713
11008
11105
11404
20900
20801
21202
21506
20507
20310
20411
21314
30013
30109
30208
30605
30712
31004
31115
31403
41200
41301
41502
40406
40307
40910
40811
40514
50010
50107
50211
50315
50614
50804
51209
51305
61400
61101
60702
60903
61006
61508
60512
60413
14/33332
10006
10410
10813
10902
11203
10107
10511
21000
21304
20208
20309
20712
21101
20605
30105
30313
30408
30711
30900
31006
31202
40801
40603
41104
40007
41309
40210
40512
50013
50402
50803
50907
51211
50106
50510
60300
60704
61108
60609
61012
61301
60205
14/44420
10013
10402
10806
10110
10503
10907
11211
21100
21304
20208
20601
21005
20309
20712
30700
30304
31308
31101
30205
30609
31012
40006
40107
40410
40511
40803
40913
41202
50306
50807
50901
51002
51104
51200
51305
60703
60408
60209
60010
60611
60512
60113
14/55220
10007
10512
11003
10108
10613
11104
10209
21200
21301
20702
20305
20406
20910
20811
30013
30307
30602
30901
31004
31105
31208
40500
40803
40106
41309
40210
40711
40412
50205
50313
50408
50600
50710
51101
51209
60802
60903
60504
61006
61307
60011
60112
14/55400
10007
10512
11003
10108
10613
11104
10209
21200
21301
20702
20305
20406
20910
20811
30013
30307
30602
30901
31004
31105
31208
40500
40803
40106
41309
40210
40711
40412
50205
50313
50408
50600
50710
51101
51209
60802
60903
60504
61006
61307
60011
60112
14/66200
10013
10109
10210
11211
10603
10704
10805
20900
21001
21102
20312
20406
20507
21308
30010
30111
30212
31309
30506
30703
30408
40600
40801
40902
41104
41005
41207
40313
50309
50413
50511
50601
50700
50802
51210
61103
61004
60905
61306
60112
60008
60207
12/33222
10003
10104
10205
11008
10709
10611
20500
20301
20402
20910
21107
20806
30010
30107
30206
30308
30409
30511
40600
41001
40702
40903
41104
40805
50008
50109
50211
50310
50407
50506
60900
61101
60802
61005
60703
60604
12/33330
10003
10104
10205
10609
10710
10811
20500
20301
20402
21006
21107
20908
30006
30107
30208
30309
30410
30511
40800
40601
40702
41003
41104
40905
50009
50110
50211
50306
50407
50508
61000
61101
60902
60605
60703
60804
12/44400
10006
10107
10208
10309
10410
10511
21100
20601
20702
20803
20904
21005
30210
30311
30400
30501
30608
30709
40902
41003
41106
40005
40104
40807
50403
50502
50610
50711
50800
50901
61104
60305
60206
61007
60108
60009
12/55200
10011
10105
10206
10307
10408
11009
20900
21101
20502
20603
20704
20810
30008
30109
30210
30305
30406
31107
40700
40801
40902
41003
40504
40611
50006
50107
50208
50309
50411
51005
60500
60601
60710
60803
60904
61102
10/22222
10005
10106
10207
10308
10409
20501
20602
20703
20804
20900
30205
30306
30407
30008
30109
40503
40604
40700
40801
40902
50402
50103
50006
50805
50907
60200
60304
60701
60608
60509
10/33220
10005
10103
10604
10708
10209
20501
20306
20407
20802
20900
30605
30703
30204
30008
30109
40507
40302
40400
40801
40906
50206
50107
50003
50805
50904
60600
60702
60401
60308
60509
10/42220
10006
10108
10205
10307
10409
20800
20501
20702
20903
20604
30005
30107
30209
30304
30806
40700
40901
40402
40603
40508
50009
50104
50206
50308
50705
60400
60601
60802
60503
60907
8/22220
10004
10105
10206
10307
20401
20502
20603
20700
30204
30305
30006
30107
40403
40500
40601
40702
50002
50103
50406
50507
60300
60201
60704
60605
10/43300
10007
10105
10208
10306
10409
20500
20101
20602
20903
20704
30008
30106
30209
30304
30507
40600
40901
40402
40703
40805
50009
50104
50207
50305
50608
60400
60701
60402
60803
60906
/END/